temps.ecsv
# %ECSV 0.9
# ---
# datatype:
# - {name: temps, unit: K, datatype: float64}
# schema: astropy-2.0
temps
[from data line 3162]
473.02330320019803
471.6210875523486
469.4637838677806
364.51972773460955
467.95417065807237
468.0305026669272
467.97672903706894
471.5252579227888
474.38376737041347
476.5255615750111
477.68217036036697
478.40190655427693
478.31909844266715
478.48879877842876
475.23804338730207
477.16015708428336
420.28600641761193
417.26389260011325
427.33886662089543
478.5005565609743
478.44734790303545
423.5045519780459
413.3728962085718
410.2880996754618
406.30783941819345
396.8667475163942
392.66495531385397
397.53096519217166
390.48318531842745
385.57772232872617
386.3057480054016
377.7434437036241
200.0
200.0
200.0
200.0
200.0
200.0
200.0
375.34724356942706
377.51444789924165
367.8474096478518
361.358600580631
471.16668739611407
467.82086102299036
472.6764882930028
362.84908672533595
367.09415954158993
369.36688216632587
369.5651334142901
367.5800518026178
369.2332543804114
371.18091773890063
364.55400317404167
361.2600442422356
364.53070554445594
363.45751562262103
366.0262015044307
369.6203321115355
375.64969172992676
381.87594063371256
380.6090625884366
382.559731543995
383.5753530375848
378.0270608434381
367.70358704065427
364.4581993573953
473.0128488125188
468.537439613666
472.39271368862507
473.4532345238301
469.75378707128704
472.3189151213439
371.7856424436257
380.3372277567697
396.0853952379482
372.92518030836527
383.70792892197426
398.14209694510026
413.68915283620703
421.77203010312894
476.42687010672086
474.8989348649061
477.39972393897597
477.4212338240792
416.2632595432419
410.34475216659445
413.66552034686384
413.87474760026475
416.55418651741826
421.92427403947016
425.541215503068
478.3621986170749
477.9082958259844
475.61446364620565
472.6380215690195
468.0238610428076
357.59658287516027
358.9349172102104
355.921321146086
351.0136033578215
469.48869939968097
473.0451055771181
477.8017779065936
426.5658423857558
426.30557172506207
424.4449834761435
426.07957762187186
477.7110980084883
425.17002330175495
408.423743200972
408.2557504237071
414.01038569240256
416.2834688430627
418.5520371855632
415.0384905093881
411.0916753166342
409.6287994406244
408.22863263326883
400.8932735210998
396.3352547761023
401.61893751408036
393.994240712043
390.16953076454445
389.30572414924694
378.4581376741282
200.0
200.0
200.0
200.0
200.0
200.0
200.0
397.36170318793626
394.6268744440784
381.2477497322248
370.663979281764
361.32225356079573
470.9371071455382
362.91911430682
365.9771991032487
368.04983066848445
368.17989222831585
370.59831148039984
374.5162332790036
378.57390499816273
379.20744993024516
370.2084393536873
364.0135967210624
365.45199059955746
362.2395542709714
364.5996351489729
367.55818027110126
371.015860493814
376.2071219416798
376.91430947050026
379.9131720457303
378.4114363939939
371.6412743220984
362.70887239572903
473.6267146019697
473.1471121142188
360.3950287917968
365.38116686768313
366.59371416122826
362.8479872524987
364.6934714847649
379.28692366824305
389.02215147252775
403.8240953367605
378.39505864511415
382.94066408343235
393.4686226322368
405.978958020421
410.4581931628305
420.18460936541277
423.20397488417217
416.5870736784488
419.509199477378
407.06484131310947
406.4084793637091
415.4259255337695
416.365331766169
419.7577699599576
424.7425361090137
426.1194557669567
478.41330007263866
478.47069323439524
476.57321262825036
474.8785077882436
471.5214238671181
469.9039138616848
470.5844057436617
468.5721570317411
361.82503076693615
471.80785116180203
477.1941599724496
418.94696528894144
418.00006494598654
414.8418441557809
410.76185066492985
410.1410783124034
415.8948527101019
407.67943790798034
394.87339171742457
399.4207106865706
401.4534915801394
403.1203219820941
401.8326999228641
400.64769652365186
399.3770936268641
399.43526189623924
400.1902965550186
396.95989810346674
392.2314517944896
393.6640255545276
391.38082411108394
390.89145856905714
389.609025134375
377.56996968721245
200.0
200.0
200.0
200.0
200.0
200.0
402.2058438144545
400.9900316121658
394.844967335707
386.33195993152214
378.28915477010065
371.1992204035314
361.7014863121989
364.78143233739445
364.17184375983345
364.5955055228767
365.4573971017355
371.9954383714335
379.5437579434439
385.0290581910795
384.3804597813304
372.22659754571475
363.2617979031858
362.07368294063076
472.92012746845575
360.61333657134315
364.463336835747
367.32173459987376
370.5268432035799
369.84838026330306
371.10901096831645
368.12795999736886
362.4524917616609
469.5468531512705
466.8122275055614
466.94091224172246
470.37215543010916
361.16367119297064
365.46663212742897
366.57677801830187
371.91277207434285
381.1194222612421
388.058773904345
400.3323464103903
368.8291563012673
373.9849015056763
377.7446105198274
383.91266862582205
383.8672457754293
390.5001135611295
392.2982682577759
386.31448332506056
391.15807564930975
381.7538481792243
381.8603176378642
394.3461694214956
397.2281295727258
403.2569963227752
410.28170053432615
413.70798754345986
414.76416526994916
413.3336313210069
419.30130431771596
418.8233802176005
478.1947616655825
478.1205343071652
425.80569942556906
477.888082480509
474.35200157843286
478.46084717528356
421.2214449086882
408.3354076994234
408.9824190788249
406.9177299521142
396.28096246486086
393.5718022271657
396.3504972511845
381.86173153554654
373.1055202395401
388.06915189243716
397.1336660749797
399.3494231768146
403.9678930990119
402.53282340336625
399.5743533581516
398.51540159577945
399.97993067192505
394.68859243319275
388.57169673121166
388.7702766255562
394.76289683624617
397.8619105479203
396.15493696307954
381.1214268956214
200.0
200.0
200.0
200.0
200.0
200.0
200.0
372.3860222393713
358.0037730335027
395.46589254289836
392.3855375634551
384.3120751734057
374.53106717458985
374.1967227832696
371.59393546566946
372.4593775271798
373.6321413327171
377.5084407066636
382.84090417675736
387.33913755829394
388.2161560442352
377.6059660442385
366.6998613820701
363.3514996739485
471.8586419742657
473.18198794023533
363.2341052865324
368.0774592834233
370.395619642767
367.29983449072745
366.83483614741687
366.75447809336055
366.0023968400713
360.79540508694714
472.2444261750013
473.60811629480804
365.21804085899737
374.18803956138476
380.39584801357375
385.3430341949833
389.3689726004606
396.1332669228221
400.89834552704974
361.6570105015828
382.2417755112195
379.6866052701416
378.07772441174575
379.71885573659694
374.626194008958
378.8503780633096
377.5899907292518
371.17017578699273
379.428444916117
373.1379538187892
376.5989806145993
391.9521715541806
398.8874588749219
409.1727510332329
420.6332921144759
477.40467491286535
473.39855764122245
473.1133207369419
468.70685719118205
469.99739821696454
470.39471211015797
477.8746529343592
415.91540252931696
414.7940322599969
419.680083205081
411.2493905200396
406.1162318181253
396.9451299214328
393.3299560483193
389.7883803978534
376.7706409275829
374.4228238746036
379.53090232603586
363.62438809366523
356.26165048447285
372.32111598502365
375.5873668398952
381.0586417270077
392.6897142305129
394.914524192262
390.26907351005315
385.3781438348215
379.8709250345803
378.04301911348244
379.1096872566279
380.91927535300164
386.9708715671261
391.6320176693018
391.56700738483903
376.0597992253837
200.0
200.0
200.0
200.0
200.0
200.0
383.31397990307084
381.8796525355868
373.09394925509736
360.6044085760067
407.7503028630048
399.30483448943124
391.68835164441555
391.9143850101043
389.4719924416944
389.1634911834457
385.97125726044044
385.75341692664233
387.7142150416522
390.7176802557457
392.13723317441173
385.24928315954156
378.6365407804118
372.53122938214335
365.3679017877697
365.9540691528886
369.9320837386555
372.2901992341517
374.11183459737504
372.244989973061
370.4419877126321
370.886599446909
370.31096355686384
367.5347573711553
369.4109748963806
372.7325005149704
380.9691340357924
389.35680279984035
396.6278619356983
402.15511095078057
356.91592613207786
364.69757054311214
367.4955385243895
376.9399161778109
389.40351981826944
384.5793804421852
381.25651814680594
381.334869264225
374.9054405014194
376.0271029950143
373.60198694012297
365.73190691272646
377.9548556783619
376.1223117279243
382.4660950941525
399.94354944417
408.62889213154733
421.68629577713614
475.7168758969427
469.8648630456407
208.08869071019512
304.10466299750726
374.37365510711226
370.6057614233893
407.41047382530485
471.0412911487809
418.3198917643865
407.0031721426095
405.57810908438455
397.0735858324996
393.184940602854
381.04160067157557
377.3202775028736
370.05322670631193
356.712065245082
357.7108001483469
361.9336996621484
395.66850121246233
393.8629267841526
360.74227378792796
365.06434480485456
367.8533836582369
377.72784338367364
381.2716270576837
381.74038994350656
370.09536713129035
359.4203389826319
357.40734225402923
365.5879587726747
367.99314173553773
369.48661552611196
372.1244767565345
370.1725067415449
364.906819277264
200.0
200.0
200.0
200.0
200.0
200.0
367.22485665864264
382.5783417383491
374.0623233220311
364.16146388016574
358.6400068442713
407.48224721347094
403.95801329341253
406.27927645252794
400.4149063075401
396.5197894964431
388.5811384061286
387.6640491543155
393.08859056789487
391.8021560181667
386.5894887436214
379.5328734578078
374.925346214396
368.68003972251813
363.4534301479692
364.01597596444594
365.08392181300303
363.6755852196437
363.1431864050985
361.07116374131215
473.3940531200517
470.4524011672961
469.9372244586538
467.14053229123675
466.90904281847725
361.63651601359345
370.8486440715684
378.19658551018284
384.9674042115315
394.9893762442804
402.79198328688415
356.30663042555693
408.57853137646646
358.76024807850536
364.74536628050606
406.51074882806677
403.55684198220933
402.82214801983
395.6781945595859
397.35404690713625
394.67415984159277
390.419738477089
404.74552431246144
357.81822688911836
367.874581119199
383.41765354451996
389.3140639709654
401.49849924842147
416.7677571514114
475.02729580411767
362.2946082491689
318.9785157496333
365.8336855401774
278.4445671163387
222.00959239979667
471.1053917110079
413.8162993373161
392.13425544193535
387.9589552766995
372.99591554585965
365.8083363218911
357.81095641142747
355.90712938617276
356.1714216299654
396.63882062056405
400.23398112291784
357.74597622439256
392.499543868888
383.8140064460392
400.57085093042144
404.1008001576433
408.0281394514414
360.4182652274978
364.1860492668846
368.0193894741292
363.648386266867
356.288942833827
357.62896488660294
363.84225876730744
368.5231461579938
365.38685413981
365.7004541647496
360.79075979437783
398.38265951528837
200.0
200.0
200.0
200.0
200.0
200.0
400.1981701800943
397.55151469291314
394.7871140018368
389.07201867640975
385.9507605577646
379.2258480685396
377.971244662338
374.5356194990783
367.52438511347003
362.29860122995484
406.26525268038785
407.95556992514156
362.5042508450486
360.09673189101005
406.757935309922
393.7930784878756
388.78514169587567
383.0029662107144
378.3470709835706
375.6800176431194
375.9101288358284
375.6947706013282
373.86278179850456
368.69448487134883
367.7535005944257
365.1962158238772
363.4618099555927
362.9510482458886
367.4919108775713
379.35680649104864
389.60045873144145
396.0465742247122
402.41492749034836
358.1518290466871
366.2185511456653
373.0975355729016
369.6653933638172
373.45157150266664
375.5111147804678
358.19377356655133
407.45990396373014
407.91601762088555
402.1708235532826
404.4820935411857
403.7412384732571
401.29534507032764
365.6016957704563
374.81081871835534
384.79599595763244
398.359606210737
397.9282432983438
405.8881137784822
418.5256625840376
474.5704611413162
357.4320093625511
399.0675547628375
305.65032538091236
281.1733346852302
276.7504848925049
468.5432608974621
416.1507356034005
395.31174630007246
386.44554811660385
366.3618163083239
360.0686472345155
403.31143812243783
402.75131129405565
403.6935418887326
391.13897023105994
393.1580902042439
404.8707283418296
391.3679228910212
382.05276410805067
393.44281392143193
398.21926586138693
403.3409491401587
406.0300239042442
405.43557738918355
358.87213722790085
358.56899213920383
362.32220812270396
363.0729907550526
366.8992711038552
366.08901270662557
363.2358550114185
362.0779358479158
356.7196863391782
401.8166445331091
200.0
200.0
200.0
200.0
200.0
200.0
392.15482831787847
391.1633593744493
390.5249100245544
396.8869854726066
402.140279419786
398.6776151318711
391.7128354149158
391.0998048430387
388.05537193478546
383.804808645709
379.1710212822108
378.786005828296
383.5625489090039
377.6916665920982
372.925512508872
359.35095782014
404.36802796209554
396.5394655598129
393.78474513563447
390.6870556290702
389.54392015529965
388.74807835328085
388.92465612072436
384.11169128564654
377.6767203053503
374.0966024130903
371.13394733523893
375.2736840093117
383.2306249046345
397.1005020026846
406.46437590578734
360.1645610427853
363.5126894725286
369.9633730274395
374.61857658304746
379.8459710334884
375.6116157487455
381.3100327327475
384.0457030215569
365.5078580361559
360.86960109981857
361.3310020864656
356.0012205732952
360.4399133938569
360.7752164189739
359.4358356885605
374.9668459097433
380.6277826253347
389.3386342382256
402.1899716224466
400.0166285740129
403.5525989070342
411.8030071617526
477.7022052469476
472.6779883172544
360.22739425816064
308.0047986479361
325.9719632161506
307.6248728482908
470.59272719963974
413.62821582392314
391.05664771887245
385.2203778166567
364.6987249537103
357.9869059410209
401.1878024904745
397.51707681065824
398.79382405660215
389.71701225280054
389.8271597607703
402.26860525436456
391.21351019778297
377.0666350258771
389.409852738933
395.60605362899616
400.3552330086886
401.49349007667183
402.0985647838738
406.45582259411174
358.36699529707596
362.89334657451013
365.5416032169411
367.49124968580225
369.6753561542888
368.61349242697185
367.83556229761683
364.63731977892553
358.5616806436985
200.0
200.0
200.0
200.0
200.0
200.0
406.7357138953341
369.27272488543775
375.6325219487707
385.5945820715997
393.99829943505324
391.73289050204386
390.96161873014387
394.5468982952309
390.5682478385876
392.1416700516855
393.8201379452385
388.2449756588483
390.4611149923898
388.00231317322846
379.19855648973635
371.02691909161445
364.1061825257386
408.81265681296856
404.9906668481657
400.45850300187794
393.87374012077146
387.60593118565157
388.6616919544225
386.2083566144752
378.2225046612147
371.93713021205485
372.7868158521811
380.5297166399813
391.41289049527643
403.1246833745209
356.76012637982905
360.72191588456883
362.98254802410963
367.08876323202645
372.555530405572
378.592467485807
368.2041178576428
368.83608969659446
371.53906924006793
407.79050058853466
404.82372560568047
405.1582685401703
396.9693068746336
401.99706032762765
405.69206642044185
403.778606023597
363.58466725838275
368.1651993349139
379.48218454912603
389.3262009595916
386.98436267107525
386.997294718327
388.5182306553151
400.982446202161
413.6859593189944
426.35723027971744
471.7500525721018
475.20449759295497
474.8132450424351
426.014699891251
397.2612742389296
379.8984390042135
376.97778150249707
359.7264753449349
404.79454850834406
393.5155223519912
389.873743903881
392.89980400364124
387.52308616050914
389.3484468414068
404.4354112993351
398.84817599349344
379.4626765976112
389.15199170457817
393.7772165111856
395.95933798018325
395.85813596060154
396.4701461085318
400.9203341659364
402.63460943953373
407.58360358598804
356.1419230213568
359.76222434495963
366.18914005769665
367.8875746443012
368.599608195462
365.22664133315146
365.4125511967752
200.0
200.0
200.0
200.0
200.0
200.0
401.7485044576852
370.6554497162665
371.95837681009874
379.9429974680748
387.25904540666994
384.7009259931224
385.691412390122
390.9292584074076
390.2154758872064
394.08168514476495
396.3742705578639
394.3914096495294
399.4922766060449
401.2471783823419
394.85359335845214
386.7446477334864
383.7861403103212
381.13115605654457
380.804122298048
372.9040020516673
358.6210885346135
403.5255346256415
400.8503556332108
399.6396800686969
393.3713482429613
390.75276005483465
393.2212683964751
403.0246284223105
358.7411767048099
