temps.ecsv
# %ECSV 0.9
# ---
# datatype:
# - {name: temps, unit: K, datatype: float64}
# schema: astropy-2.0
temps
[from data line 4992]
362.48403404892804
368.4287249683207
370.7160502884707
373.86566168394097
370.5877847564
365.7265529400544
375.98197742297765
377.9428113818655
380.8673599336631
384.4560871025208
383.2523584123774
382.86989113581257
385.2213165704333
385.76198505974946
381.9609062121436
378.39608120316336
378.4423293974017
380.1916883618018
383.6877028081514
380.99705762067725
380.2692860293189
379.39120966867387
371.6158700400589
369.24378129223334
364.7521394980891
472.869012866734
470.4984294363796
469.87154756274475
473.11561504677195
366.8188654466915
363.04726094883875
364.89308788635265
373.8435787242112
373.0213561728204
375.50938883985685
379.56886730467363
381.2777751465504
383.5520409810364
387.91231908238643
393.2753468626708
391.8629014800556
393.71727856458
392.88329177182635
383.7370047634378
386.29955429184395
386.5764110737373
380.3520203136047
390.4111102376231
390.4864701972224
392.7261233871591
403.32512937901095
394.8158247074387
401.77473200438357
406.65141975986546
396.60934195731215
396.1472426001837
359.9784778532204
359.68748669942437
372.2402313504321
377.3487673714717
382.15962043559136
385.7954603092366
380.243310975035
384.8118440275052
400.7579642023538
391.052846395193
376.7633759825029
380.93328672415777
372.51006510124125
407.8155845554305
394.2435349231898
380.81182367645
372.05782241957627
369.96655584280734
364.0966255098083
473.30844519617506
471.09081779456807
470.33863226874473
469.857806130378
469.00241479114044
468.24065253029715
200.0
200.0
200.0
200.0
200.0
200.0
200.0
365.2328697887717
362.3815663428676
470.5246981804693
472.41616421579664
364.31713222040787
361.8520548258822
361.4063233186066
365.50481116066925
365.1648250609112
367.9909832503936
364.5741191123243
472.4595683574835
366.8820432300896
369.743248572484
372.15489801340277
373.7764171562942
371.2806452567742
370.0669248880021
372.0883416270403
370.1860561145724
367.4576950449491
364.80695340889986
364.52995962194314
366.0579318467104
367.5408360328428
364.5731910576293
365.2170221496941
365.43116659545404
473.59956201348393
473.2388513314311
469.9587346519022
466.08210280001447
465.54704699628456
465.708170495032
467.8080421259548
361.46214557005413
360.8350306436848
365.3201974610381
372.79541462066436
371.30891895039673
372.38728472887584
374.2000002253633
375.8229135134021
375.86478005629493
376.93270589172374
381.0408207124039
379.2517114360268
382.55743611820304
383.44863301726565
377.44633370443387
382.6977924094773
387.2968320734612
381.7771404699764
389.8532068654934
388.29411308116073
389.4554942463045
400.49405917408154
392.60087782618564
398.82203939181954
403.27857105525146
391.1865749066353
388.0049348692696
403.2947106866712
404.949744960779
363.7496949395985
367.8936533182556
375.144456586543
381.049310993759
376.79575028781125
378.61364698738566
393.2827700969852
393.90811121186397
387.5563764141988
392.89612138487524
383.8554525051748
364.69856444696705
400.9024414831994
386.29930918016913
374.491562687376
372.9587270976599
364.3591646724796
472.4650230763808
467.1752999023755
467.1487435227126
471.1392021003119
361.8221399692307
362.3402746559588
200.0
200.0
200.0
200.0
200.0
200.0
371.1799014787879
472.8681301995865
469.35768604240985
466.01804792909377
470.44730536961515
473.6970345084758
471.01671572126725
470.927974681842
473.50081475028634
471.54685029595333
472.4689462068441
468.0110936371529
464.4763932244461
469.7455055212978
470.48081539835425
473.8486674559334
364.6181653032166
364.81046473561867
361.9950773607639
361.79698307588177
473.897378314099
472.4979146556739
470.91171028206077
470.72802872697764
472.3616519363628
473.9179869447361
472.2999787232077
473.13114047291873
360.44565338659436
471.7860102016279
472.82780400248
470.3934247499788
467.7240282244363
468.2706343750606
469.2966706229452
470.282269816385
365.3367017538627
366.3020530697587
369.6598640070938
377.4544180552019
375.4937618958415
375.3046822757666
374.55913114927046
374.5486594856694
371.7583168399666
368.83413671482066
370.19908640293625
366.44555480568954
368.98492719945375
370.73751309448767
368.79421206418556
379.155877548939
386.4638657394774
381.36678558067456
387.5922058507866
382.67896283470066
384.48882802963
394.3271269599563
384.7404225309632
391.0857676461967
396.6432989072416
385.8259746128054
383.43458410944936
396.8775713402511
395.8571709735646
404.05112534390514
406.26716104062064
361.2357246929738
367.9925092464819
364.8361120390946
362.7520455646811
375.5720533003155
381.1394657973728
383.4946700250125
389.9783542811414
379.36821445627885
359.2900770762578
399.39928259714355
384.5624633590593
374.96658005064177
367.520100885513
471.2628908526264
466.44393080063236
465.99514414553454
467.780379831606
470.4550726563908
361.9249240299789
362.03181677740884
200.0
200.0
200.0
200.0
200.0
200.0
200.0
466.6813708985612
433.5303496564095
435.70906244523576
463.79225190143694
468.7498001606597
464.98989915101834
463.69982594404786
466.39368783938346
464.6719192082177
462.80640529292157
434.2877064172622
435.44744176908654
465.04907945969836
464.1070835590774
467.3248371753202
472.3637435419036
360.97573953264185
471.31983921302987
470.8713026001766
467.78024690012046
466.10445108122144
464.99280738238343
463.97019188474235
465.1707749531069
465.80838572283903
463.3828242772465
464.3528218691928
465.91722614005516
463.3857587823884
466.02524510934205
465.4178770189244
464.1099650701676
465.4742243993191
465.9090296061406
467.189099582651
361.4259748654554
361.4263088410823
367.10481758175695
374.65132035171143
373.15254029718324
371.4747899395117
368.15249357939894
368.679434696526
363.48049753069597
360.2237320155901
360.8744783248589
469.67486918506904
471.170211369558
473.77299497749186
360.1760721772056
372.16068423541776
381.59572420631594
376.79141195895073
382.29325891588053
376.72856443133446
377.1944732454236
388.11031846277126
379.11154638250224
387.13141064332814
396.12429004626904
386.3819839021221
384.7064304997025
396.8467016816094
392.25862002744
398.1294387707771
399.0047377790674
405.89344200160565
357.7439807485012
355.43575473149406
358.55429669837935
368.8426539416115
370.1262402378909
373.21596697046164
381.3647700120623
372.05020762926006
404.6923160250167
396.38978772049717
388.71425125922553
376.00166400771565
365.4953072683701
466.6215520509551
467.1775443062873
472.23874708723696
471.02788165177736
467.7852153681544
470.44217212485796
363.3556524682005
200.0
200.0
200.0
200.0
200.0
200.0
200.0
439.79766460759106
441.60058077764774
442.07918386227334
438.7586167867296
434.91653161047793
436.91807991024706
437.6641272224526
436.54813481716405
438.6400494753433
439.7636672778439
440.7184794405578
441.6012144151951
436.7615010644193
437.8069049488978
435.75075762461836
462.74285989668385
467.6393383236421
467.3975221454874
467.83444192942693
465.0043198078385
462.9083738948588
462.13690529897724
432.8995524854964
462.539295396993
462.4137309270788
433.72004576653296
464.129720597597
464.9348644737109
433.5802304952151
463.0256457952611
465.10888716112413
465.57347431367657
465.5930667376554
465.08727310544356
464.5319441774066
472.6560174027206
361.32488305068966
371.22825120067756
379.71110438907306
375.6918286830554
373.1202599410361
368.403393797461
369.0134494833793
361.750615070706
471.23646319556065
470.733156694133
464.3562749010736
466.06414853464577
467.0552559048283
466.339691149839
362.47683060928205
372.05556487282547
367.9314296184583
376.80281495077026
371.9259705867713
371.8111828765258
382.6118191583168
373.7920713792755
384.42083377011363
395.17197092184426
386.07178733425576
384.3529170781291
394.61122891647847
390.66455790133045
397.10658793247313
398.13644217758383
405.1793033023217
355.4006411711482
406.0965172565542
358.0849514611626
373.9135698794399
369.63470032368565
368.56301186561075
377.82276158710863
369.86685468187534
406.7215076548877
401.38667552047605
393.9758652895845
383.3928687889544
371.277541804799
473.3744049282604
360.703552491996
362.92108321746264
468.7720010780824
464.43418860971775
465.92488506671094
364.08713912040685
200.0
200.0
200.0
200.0
200.0
200.0
200.0
452.6338502346737
444.36232737585874
442.35987915520747
443.0744741610375
443.57618664728517
444.41510111060416
444.2102828128356
442.31972640309357
445.0482796557597
446.0809322360436
444.90441674382487
445.00470784940376
441.2618324076677
441.84436283038457
440.3908732471218
437.4883959742802
434.4323283194151
434.45291972890425
462.67928469449123
433.6820700025505
435.07559213821816
436.3350389483586
437.05959468523037
435.39798939389834
435.1971053812209
435.73313526459856
462.9208889997605
463.61010164837217
436.07116267442257
435.3751200359427
433.43139795502077
463.3702713592329
462.5559914361159
433.62423866358256
433.93458273317
468.0838695072979
473.7501920866205
374.74128805913625
383.9583817990316
380.63478893000126
377.0737180320354
370.6758889416071
369.1561368829408
360.9099224528553
468.81636044861193
467.0323018087432
433.7421131798532
462.5766451102716
463.08468006317554
433.5381168701891
468.6917302981605
363.0023446396819
473.48458674662004
370.66410959339953
370.13747131421263
371.9157237890696
381.47298105156784
372.39086063651854
382.08736278095495
393.1177986883526
382.7160184188846
382.03586006889986
390.95803860865635
387.3293138169469
394.4984772970266
396.0604766779674
405.2280073094306
356.23099926550253
406.5802584827316
358.1725890852655
374.578254395422
367.9316130051125
364.13680952413245
370.9667735049086
365.3618004489902
358.8680537841687
355.95961893801024
403.5349582605982
392.6190059185036
382.0910625635388
371.3648144699951
376.0651185162396
371.7322079349003
473.6305045999924
466.3079636759985
465.69802221098143
466.278064778131
200.0
200.0
200.0
200.0
200.0
200.0
454.67180444614
451.7765876921432
447.2801585698644
443.88694072190674
444.42132467870823
444.46226229793064
446.4230689527866
446.3869260787307
444.3616798626882
447.24467245384807
448.143653899138
446.2054124566538
447.3718263614979
444.7746386697861
445.92295007725016
445.4915419840909
442.4813874658277
440.3055667331148
440.18589293033165
436.8958311482786
437.4700557249456
438.114113224863
439.56918508657196
440.91029155479765
438.9326066745883
437.6961390157047
437.86953578064265
434.69008225869146
434.2183001360211
439.05808205859
438.91641635295184
437.64134333550544
436.263953243625
435.67912673867835
437.2888203283574
437.74071083097243
463.1977210437199
468.6435113788348
372.9080176170107
386.05592006752903
385.9599017412478
382.3244577732039
372.9477916149001
371.0976556379669
362.65740773939376
471.09855836030084
468.5152555700596
433.62958761629017
463.9107241375785
463.8639344913179
433.97544354348
465.4502055581382
471.8225399772228
469.44401564370764
367.56403625614286
370.00367134447004
374.3756582045992
383.21036682702385
372.75081649201525
379.17800556053373
387.51942215893484
378.10776271501754
378.7367198245777
391.6818576882673
388.0044256001711
394.20348253113383
394.8003565307885
404.68580578461825
356.06920807621816
356.15090932845953
361.6095273351044
374.9374233030983
368.2410749936498
361.6920043998278
367.17884290339555
364.7095883582298
363.6072585987066
363.75499281141697
360.5562796526917
402.6628328150514
389.209553697631
376.3976850636703
379.09009147609515
376.2514806128199
366.1766613793085
471.37069767405944
469.65753865136327
465.9374458647028
200.0
200.0
200.0
200.0
200.0
200.0
452.91108122473054
450.85605232614023
449.8258185444072
450.1803230092379
449.8268662511446
448.41075834524554
448.91267451131995
448.9929632005578
447.0103942837949
448.4712576183762
448.6948832657459
448.09674471141346
449.7620107752976
447.4979991240992
449.0249590536371
449.32008836674953
445.5922684568849
443.4191088640923
443.16383747059285
439.44765966376065
439.26740600897426
439.0423078239787
439.7515950567333
440.5386496723828
438.91357000987216
438.1547369219976
438.57055483873467
435.9625117464786
436.02577160185837
440.87520108311537
440.7493032182274
441.22305662685955
441.66871596901035
441.36800778402466
442.0982885831481
441.5363434261706
435.1815969731702
463.69227990781275
369.2194091901714
387.7086660440016
391.31991938834676
389.0254466215231
379.65598183935356
377.21265718583106
368.89520526041963
363.40742598692674
472.7947255709766
463.42532518452003
465.64308032430796
466.01151945871925
433.2661605080332
465.8127404135304
471.4044169836648
468.5145139444205
365.73560545552556
369.17612193482546
374.6011630946124
385.31717031039483
376.06229570784234
380.36707910054554
388.66466074237263
378.9970592300871
380.3197971725615
393.3767798216478
388.9680613681737
392.9105363811958
393.5127492298021
402.63071728419214
407.58081575904714
355.7707504488964
360.91736063341637
374.2586995953588
368.2644242298496
361.2647555292684
367.3265099152551
368.8305134175187
373.42826109589333
373.559103087851
369.0074400466306
356.5071307120407
399.00569484417844
384.0326556109627
383.97954532305755
379.8982260707249
372.05910918228795
365.0226133094088
363.76870779247304
368.84073083957406
200.0
200.0
200.0
200.0
200.0
200.0
440.13588439585624
446.4982254087751
448.2447572087131
451.09837537101214
451.7724705108067
450.4891768110389
450.53473126199026
450.00067246928575
447.6565985779205
448.4546202373113
449.2409105810148
449.55286914682597
451.75757697251737
449.76226551252546
451.0348471558838
451.4827213068291
448.1245214118616
446.56576923522346
446.5295185992571
442.6914843983475
441.7534345064994
441.17319839132335
441.05503158302355
440.6005134237218
439.80501757334974
440.0496143292903
441.49903410319206
439.88773744498985
439.4445583834325
442.92996025297464
443.52912188679034
444.59573800643295
446.2401603425261
446.3545904275245
447.4257749222697
446.6232483195984
439.48472214265723
434.27492689036274
364.5720633865416
384.3515390584717
392.938484493435
394.07911255801145
388.0005507099315
385.9258355529979
376.77249788171406
371.21952114397595
366.97627099595906
469.90028433390233
470.35715741737255
470.0969423605076
465.1923012448235
468.9988619677597
473.86140786474346
469.56337418473174
366.03981296645776
369.4912091353067
376.2511717641962
387.7423869738903
379.871201457926
383.70129163808747
389.533444252366
380.1628067825654
382.2137038781863
396.9940401120723
391.3539603679114
395.55830842414935
396.03222454244167
405.5560297864671
356.2958473427856
357.01388262777755
361.53574397024374
373.05351434371124
366.2135889468117
359.99582053439536
368.39714921288424
372.8340494143556
380.2334981164301
379.0190067619516
372.9290808056866
361.5067475440735
406.7295086697682
397.3884089005695
395.82752143448783
389.3578819173153
384.3589835124244
379.9257651636944
375.47018163984876
367.3158334599439
200.0
200.0
200.0
200.0
200.0
200.0
436.57564488343206
444.08803255837
446.0260891190526
449.54858940395366
451.0353336856034
450.116315459097
450.07706343169065
448.7816461157066
446.1563885368953
448.7713951024814
449.32288597120356
449.60404108056684
452.3905498215614
450.36870333861305
451.52516913097986
452.0678924264438
449.4609732858629
449.43361114756533
450.24485968126396
447.2797819783061
445.54710967853305
443.29708202870296
441.5087175741178
440.78925873058824
440.8825456472718
442.1080721513709
444.4520930870624
444.46847585027535
443.5174285162829
445.1860432188115
446.30530076680424
447.58131991838485
449.1944917303349
449.63238696188455
450.5826825338943
449.4858529428469
443.4314901979618
435.13697213099726
361.6377538685141
378.3163647693856
389.3958299488676
395.56843105529106
393.3169628704815
391.5196762520952
383.68111963006965
377.58385784193956
374.7093186047608
363.1906541661339
362.98123351372544
360.57242336930295
467.860287322694
470.49624042447
360.9079512653025
469.6751620748097
364.81343556944375
368.4601060292479
375.3405551339057
388.37444045817807
379.99046048238347
385.5325182200824
390.1929825222364
378.4145139956613
382.93954897450084
398.38636961189343
393.51734319215956
398.6612047103213
398.3668549889012
405.62603943293436
355.9020015778406
356.13114519832834
359.531763338955
374.4991546560609
