temps.ecsv
# %ECSV 0.9
# ---
# datatype:
# - {name: temps, unit: K, datatype: float64}
# schema: astropy-2.0
temps
[from data line 9570]
437.7239707005292
436.0612051609685
469.3733823125925
365.94200777452545
472.9565514878813
464.006593022853
468.09011795514255
468.55476426781394
468.6111035249905
360.83071114058083
362.7244993647461
363.19053004819335
366.76900297125803
200.0
200.0
200.0
200.0
200.0
200.0
200.0
451.57846680982175
450.77692175278105
451.55853297634775
519.895711808713
418.4364685996426
445.3355593981868
441.038785703199
441.30732880670456
442.98715556505334
439.8265992275743
441.72441087847295
455.5011633520588
438.4642863175196
523.4137791810687
522.9525972485028
455.5847558110221
514.0236469915915
452.1148931237646
420.12321082302776
494.00738669240064
483.9411618634708
488.75446963603116
493.0090688144791
496.3477114142106
456.88322004826136
456.8632713065298
455.8064982295635
455.9170646633448
518.1223025888518
513.4243868276387
455.6085123422788
455.86199010302687
522.9660907321529
439.9343497577259
436.0435168953221
452.3538374146077
450.8849265292933
409.31380779883136
456.5705587044962
456.58252592581596
456.1179529574108
455.3950288765241
415.79989499787246
431.1228207419007
515.6405126804058
452.3436527543206
449.41316275107874
448.5290040180256
447.44248469887077
445.2546877514231
445.96517023997234
448.23207195348414
446.4817124825679
444.7095929436576
447.2519573737941
448.96997057467854
449.12428493105904
448.43474167916685
445.67457275314626
444.5630066359878
448.166736416837
449.0516645579442
448.1040315482992
448.91701732530294
448.63081043067865
449.03533373480764
448.9729782024178
447.54575644794363
445.94250884007596
442.3259490289453
439.4442132256604
436.8014520534103
437.44774748094375
440.3854310003201
441.61662752946205
438.7739789650389
467.88817147436475
364.9967388530563
361.96518637103384
467.3528049883654
471.34142796710574
471.78154405209955
468.4592168835069
472.3473643584551
361.525891781002
361.74029480215165
200.0
200.0
200.0
200.0
200.0
200.0
200.0
200.0
439.00654225596014
425.26694047378163
441.5675304751667
486.8729395908862
456.62492880930165
446.9658836100803
443.85684928072715
449.1337055097364
452.78286200195515
448.7198226690163
200.0
417.5930489845467
414.9638911926752
437.02810760686043
519.2409578795932
456.2115320589809
494.9766373781827
438.2240129965362
455.78861470083774
490.5640964712133
486.8122127996121
495.3773164412739
456.68039136500204
456.7546238718668
493.7929722374973
487.79522439605614
489.3227780908938
493.80923765703983
456.5058713550345
456.24901430911547
456.46643667927253
456.24468812518404
456.3334911811046
456.85738517435715
455.82484460425326
452.4664212577549
452.1597091535408
455.4825426045757
491.12536924851275
456.4539261433141
520.7995387920228
434.90217596341256
459.62444470162325
427.49614373436134
420.9983535341405
451.4802260814563
450.91620601827276
450.2835767131057
448.1776393945029
445.7267390638714
446.52839274855114
446.9540715157443
444.10606562802917
441.34214162707167
443.7615305594397
446.710846896008
447.5981397566216
445.8190827180542
443.9138170156694
445.6583983107813
448.88199399331137
450.28532831977554
449.9333314231683
450.2430173881255
448.44866799631524
447.21832732231076
443.7498709665962
444.0304686499558
444.8438933323028
441.84729640125784
436.31345812140717
435.8834275165982
437.40990049514267
439.73046111908286
440.5539275124071
438.4280297574428
433.4810805920173
470.08387000662475
470.4714792273296
468.46884096387225
360.5870834183118
361.9698076683182
469.14660067640636
469.9278944239666
473.0857739577513
361.09704506332974
200.0
200.0
200.0
200.0
200.0
200.0
200.0
200.0
455.55471482274794
522.7714336374889
455.84862701588077
496.0732118139636
521.6974243977138
448.125388668822
448.12030905544805
493.82983199511426
473.57934001726176
473.55018111825973
449.8503037025928
450.06031530794894
450.8641662872318
412.51518790697367
510.51245720089537
523.3613161427401
521.9903291123029
516.6406426524849
456.0382145150489
488.6857611532864
484.4371955664732
491.97223113917255
455.95401367548993
440.5596940514072
419.8932253890656
513.5520707687691
455.74279948961754
495.23021050041405
492.92439552091514
494.91852559451945
496.11079803018765
494.44426555777943
492.6391091676892
494.2541304305083
455.7020448720866
461.63645440325683
427.7579232421588
456.4013127532046
492.41149756850155
522.558215314579
420.23005233361425
408.33495117140797
452.18796000093084
450.2041543468776
447.7849531143033
447.99557987011735
450.81660098666
450.08870229330734
447.4903597841806
447.51466937777116
448.4242024763342
448.3745600314791
444.15420126451477
440.7773169175099
443.0815268330573
448.1597865745222
446.77759467373045
443.89546255819823
443.94831829727246
447.20758420667505
447.9756689545128
450.2188596934182
450.94811867369026
449.27545544605437
446.4358832144296
444.0162290701793
439.93977677360067
440.44785222611773
444.07581546630723
441.4568694169666
434.9464230573558
434.81312951294797
437.0222220790462
438.77914250460447
439.35188934256496
436.26545444886534
436.82649418723884
437.05537627784497
435.4444227602184
433.6767604276604
471.72176862046206
367.0258848457267
361.83785948441255
468.9168056877022
465.59601257605414
466.50202974210714
200.0
200.0
200.0
200.0
200.0
200.0
200.0
200.0
522.3657145650737
520.1011254639973
455.60774744338715
494.99979372816904
515.2780942905827
447.1664079528525
447.9447818318036
492.1337769811345
473.24086850063077
473.2335873928844
449.4870421740492
449.70933748615585
449.9514781821765
411.8404111301023
522.2501324499633
455.8401755596086
456.43044627977815
455.36025310452
455.8563030834583
489.8622346753437
483.46688602940515
489.71121633506664
455.38197487315364
411.41088128832234
448.9972316831184
445.8920842502838
458.1111947625808
456.44904379508483
486.7906762101696
486.6586204425099
481.10596866817014
369.7367367622809
474.2989734992292
487.7890346933427
484.8780366490201
489.64897183848177
490.54766859623993
491.8660745097219
488.7495086353394
495.7021147740743
456.29804781082726
456.5100520518308
511.14282765939055
448.5863638590832
444.8525349240178
446.8419988015553
449.31628043794746
448.49321587376585
447.7903836270745
449.55426571243044
451.820843008583
451.09820691988733
448.43604698375424
444.3257054399769
444.1365165232988
446.90587361102655
446.7920592474515
446.03120233523754
450.0360686988697
457.5645024377304
451.8310296570169
451.4851719907251
449.96029374410244
447.69192815308816
445.7394650722208
445.65548931497256
442.4609277254466
443.23549770910137
444.468463160066
441.5465113260628
434.4013335499942
435.89597306342796
438.1999036342329
439.21969282360817
440.6484967381299
437.6513871903304
439.7698402353207
440.47016106972114
438.1969188911039
436.2280171197022
466.72761227446523
362.9357319177228
473.3938557091476
433.489594334701
437.08881346786916
436.9540733148989
200.0
200.0
200.0
200.0
200.0
200.0
200.0
200.0
200.0
200.0
200.0
200.0
200.0
200.0
200.0
200.0
480.22280702357693
200.0
200.0
447.63099590193167
447.92863563649024
425.1778926519778
425.3941302144579
512.1793756023792
200.0
517.6289874024944
521.28395883208
456.3130282000267
493.9464302695619
456.0357310275317
456.1355524376107
451.7631992864684
452.30663092789666
449.9955037173674
418.08593845795895
455.6677155334164
493.43645575908977
490.1806850465436
468.87742122550765
484.76859899261854
466.92097244683737
489.7730193925134
481.56091021114196
469.7907669214766
479.0573101513387
456.54605492036484
495.0623395346132
495.0835261350535
456.37265668616476
494.8698280072117
455.4189628357219
451.1099951254106
448.3721391662131
447.1955019245018
446.5527049672688
445.57811918349614
446.60192542047764
448.73496017870787
449.75042276393026
450.83385902462896
448.8782401709007
443.86332132674664
439.39355860630735
438.3687488345379
441.8849929660497
446.39419920947853
456.95511747406806
519.3244321829536
452.1424043773395
449.8948698421762
447.21985925807553
446.45183061847933
447.00147499611336
448.89209678434383
446.64295625763987
444.57346194553577
442.8479774730722
433.83751957427137
473.7989046224478
441.03670876886025
437.7066910730908
440.67977307458045
444.5017886642801
443.7761271214604
444.8156835694201
441.99767868569324
436.5887882820756
435.85134418895205
434.3212169708155
463.85763475796523
462.3448891970432
439.0321880456231
441.81334169014747
441.20979382903136
200.0
200.0
200.0
200.0
200.0
200.0
200.0
200.0
200.0
200.0
200.0
200.0
200.0
200.0
200.0
200.0
200.0
200.0
200.0
200.0
200.0
200.0
200.0
200.0
200.0
200.0
200.0
200.0
200.0
200.0
200.0
200.0
200.0
451.49149842315626
451.82025143188156
415.0055938460264
515.7573717916007
455.2992451426656
401.9076516427156
401.88738686369675
477.5072029034683
456.5923171121743
485.03075398285023
470.0848943143258
485.48309676123324
458.3535260222378
452.2569866325348
451.7287065012959
452.2814398332897
422.0196730585367
440.67503135383447
410.9718179969437
451.5597319375324
446.41121131414144
440.55550770307946
439.3980024793267
441.3079443254791
441.8031676355054
442.03027347055183
444.3878720863945
446.2542586085243
442.22422790011075
436.64650713881406
436.13528987180655
439.7283083785618
443.9556853665487
448.08513120507337
448.006721816143
444.7861550093389
442.66898564484165
440.09050401125404
440.95832932370075
443.5087132350711
446.5958546467336
443.8762656425742
442.02621882822905
438.1999322451966
466.61441150054475
364.04291152021887
441.01953006938277
437.9258385024558
437.34300297060366
440.36467076486343
441.5953899424908
442.1436770801216
435.1125822776577
432.79822957306794
437.0656426838604
438.74627272716157
438.90297449709425
441.93955660055497
449.76582809378726
450.43997670769835
452.4991298112542
200.0
200.0
200.0
200.0
200.0
200.0
200.0
200.0
200.0
200.0
200.0
200.0
200.0
200.0
200.0
200.0
200.0
200.0
200.0
200.0
200.0
200.0
200.0
200.0
200.0
200.0
200.0
200.0
200.0
200.0
200.0
200.0
200.0
451.37676208327866
451.7162560434772
458.9229204043441
459.3105629713872
200.0
200.0
200.0
200.0
200.0
200.0
200.0
200.0
200.0
447.76775388491126
448.51152689658863
449.2421283696885
451.6149312045518
511.6607746871177
496.137247548815
456.36276849251175
449.7725478241598
442.33693013180215
440.24650654451546
441.52666104658925
439.82212021699763
439.53872588337026
444.05688675197416
448.319293754994
446.7813490419978
445.02825351949605
445.4777827815769
445.9613039582696
445.3577088983497
443.8583760377137
443.2306394299975
442.0391144686714
440.7036330016726
436.0288633159343
435.9931615668438
440.0148167316982
441.76755639062253
434.4836552968095
464.5515685085148
467.59563010032684
370.27008928228827
371.7158123884562
200.0
200.0
472.32017742887854
468.9911252519762
468.096543064136
463.59761329431757
463.1286878090837
464.34428735169706
439.3709260757526
439.6426572484235
439.3302910138517
443.11375921389566
450.110244047877
452.53964360923055
452.4125267014016
200.0
200.0
200.0
200.0
200.0
200.0
200.0
200.0
200.0
200.0
200.0
200.0
200.0
200.0
200.0
200.0
200.0
200.0
200.0
200.0
200.0
200.0
200.0
200.0
200.0
200.0
200.0
200.0
200.0
200.0
200.0
200.0
200.0
200.0
450.6208058740486
451.9243371406756
200.0
200.0
200.0
200.0
200.0
200.0
200.0
200.0
200.0
200.0
446.50266585065805
446.84716719993264
447.5435723108364
450.03606195062116
461.23079466534176
494.8481128809074
496.07851801667823
449.280170831104
443.06139894554065
440.50737995951397
439.6582361006099
437.51633208639674
436.4714647061156
442.46284631681146
448.4348612107876
446.5334920561855
445.9559754658674
447.977783856482
447.0946627978162
444.68724574093915
441.5378737339441
441.24457100025427
441.5576121817184
440.1288355034635
435.7818545127068
433.2391181763477
442.00039235552345
438.58346878453995
363.9832864944201
367.37749181697507
366.815514801593
370.9781620030067
372.39185357077827
200.0
200.0
469.98710538693666
470.99033622457125
471.2616913382145
438.4071380171728
440.521369952564
439.4438134856026
437.86167067114883
200.0
441.61286315681957
441.066443658304
417.6263699972033
454.77218251034554
200.0
200.0
200.0
200.0
200.0
200.0
200.0
200.0
200.0
200.0
200.0
200.0
200.0
200.0
200.0
200.0
200.0
200.0
200.0
200.0
200.0
200.0
200.0
200.0
200.0
200.0
200.0
200.0
200.0
200.0
200.0
200.0
200.0
200.0
200.0
200.0
200.0
200.0
200.0
200.0
200.0
200.0
200.0
200.0
200.0
200.0
200.0
200.0
200.0
200.0
200.0
200.0
494.4813689099211
495.1422941130867
441.395189373972
440.70465417893655
436.6818473002899
436.60792970780574
434.14417776689197
432.6584359645175
440.5429635237975
445.79090960896013
443.5482524035122
200.0
200.0
200.0
200.0
200.0
441.2268541709214
438.9124222970569
439.5880289075728
463.68913636534126
363.6718623618874
445.21002608757425
445.2308246236641
376.0495341722507
377.357097288978
368.08127716723436
370.2708222007558
371.31051983395776
200.0
200.0
200.0
200.0
200.0
442.8953284511874
442.1861610203921
441.1579610214379
200.0
200.0
200.0
200.0
200.0
200.0
200.0
200.0
200.0
200.0
200.0
200.0
200.0
200.0
200.0
200.0
200.0
200.0
200.0
200.0
200.0
200.0
200.0
200.0
200.0
200.0
200.0
200.0
200.0
200.0
200.0
200.0
200.0
200.0
200.0
200.0
200.0
200.0
200.0
200.0
200.0
200.0
200.0
200.0
200.0
200.0
200.0
200.0
200.0
200.0
200.0
200.0
200.0
200.0
200.0
200.0
200.0
200.0
200.0
200.0
200.0
200.0
200.0
200.0
200.0
200.0
200.0
200.0
200.0
200.0
200.0
200.0
200.0
200.0
200.0
200.0
200.0
200.0
200.0
200.0
200.0
200.0
200.0
200.0
200.0
200.0
200.0
200.0
200.0
200.0
200.0
200.0
200.0
200.0
200.0
200.0
200.0
200.0
200.0
200.0
200.0
200.0
200.0
200.0
200.0
200.0
200.0
200.0
200.0
200.0
200.0
200.0
200.0
200.0
200.0
200.0
200.0
200.0
200.0
200.0
200.0
200.0
200.0
200.0
200.0
200.0
200.0
200.0
200.0
200.0
200.0
200.0
200.0
200.0
200.0
200.0
200.0
200.0
200.0
200.0
200.0
200.0
200.0
200.0
200.0
200.0
200.0
200.0
200.0
200.0
200.0
200.0
200.0
200.0
200.0
200.0
200.0
200.0
200.0
200.0
200.0
200.0
200.0
200.0
200.0
200.0
200.0
200.0
200.0
200.0
200.0
200.0
200.0
200.0
200.0
200.0
200.0
200.0
200.0
200.0
200.0
200.0
200.0
200.0
200.0
200.0
200.0
200.0
200.0
200.0
200.0
200.0
200.0
200.0
200.0
200.0
200.0
200.0
200.0
200.0
200.0
200.0
200.0
200.0
200.0
200.0
200.0
200.0
200.0
200.0
200.0
200.0
200.0
200.0
200.0
200.0
200.0
200.0
200.0
200.0
200.0
200.0
200.0
200.0
200.0
200.0
200.0
200.0
200.0
200.0
200.0
200.0
200.0
200.0
200.0
200.0
200.0
200.0
200.0
200.0
200.0
200.0
200.0
200.0
200.0
200.0
200.0
200.0
200.0
200.0
200.0
200.0
200.0
200.0
200.0
200.0
200.0
200.0
200.0
200.0
200.0
200.0
200.0
200.0
200.0
200.0
200.0
200.0
200.0
200.0
200.0
200.0
200.0
200.0
200.0
200.0
200.0
200.0
200.0
200.0
200.0
200.0
200.0
200.0
200.0
200.0
200.0
200.0
200.0
200.0
200.0
200.0
200.0
200.0
200.0
