temps.ecsv
# %ECSV 0.9
# ---
# datatype:
# - {name: temps, unit: K, datatype: float64}
# schema: astropy-2.0
temps
[from data line 1326]
370.8649423682885
387.18701381083144
396.86443768475124
395.25604246595765
394.92611029511295
409.3702706903264
408.3280501215851
419.3059918748464
414.46936202799617
381.78515705494954
370.7060296993726
375.8016695727207
388.03180194402455
386.27530379018566
380.23813111662173
474.1254375945072
467.2897751832098
471.7595021058269
364.7403999731134
372.21288282459005
366.3972220469057
368.49230238482295
380.9340755922042
398.0626695688128
403.860377930724
386.5581486557182
473.96328015486057
462.8434745818321
467.66517122477626
471.6597284701388
467.38745349507064
434.4444507252589
434.0658128651268
471.61012133212137
367.3751441503519
379.53736372916865
377.05777118566925
370.1862207514181
379.71773743631695
382.17912346104623
381.80984199760644
362.2984291974415
367.74402339730216
381.40856710564515
362.9560675666014
467.0702242127767
471.1592558066743
467.58497756078924
373.58133521188995
398.0423594711313
390.12285904987175
381.1686924778046
373.3854816716588
368.27954191158
380.26046374897
387.44715361856447
379.4746640598699
370.5969886412808
472.3678292261407
361.5865589872713
465.34571301996425
463.20816328861383
362.19183380050254
369.43933045554786
472.1722428466882
360.7085062762675
361.5685652446823
367.40776011323356
388.3012124806042
380.6831942087955
382.24630919341047
391.14495975644905
398.99611421787637
406.953216378154
370.4447301636963
378.6357348977932
374.4449489193568
367.9836778111887
368.3438405227859
368.63031014787765
367.4278720092774
382.49963331998225
200.0
200.0
200.0
200.0
200.0
200.0
200.0
200.0
379.47201932627365
372.54270143260305
363.3976957617585
358.20690692954
364.2614606547544
378.30725188336646
387.82766141397695
397.2839599982855
402.9881540067952
412.1446443263856
408.3157950533335
419.92183689792466
425.22399097672377
400.61503132470153
394.38722909138625
397.74524705843737
404.21765891650176
405.7713137080068
396.1256911866808
377.58073649617927
363.37017124591824
368.9194775571678
375.95828210934934
377.5217077672664
375.3736593535308
386.44645971741556
395.29579370897716
398.9103482866151
396.5396477251169
381.60168165757756
362.2128976123415
469.54766621771597
370.074511023862
385.20938408061784
378.62347748902687
363.6589129797402
473.0332434461947
370.4508727180191
383.0459864771857
397.614295866935
394.89469574811835
390.73064166531873
392.5375908547427
377.8290511330762
364.4026367694152
467.7250304815144
375.50996901489265
389.14719431479097
368.839437290536
472.444381543026
473.28875386678175
470.2353211004844
371.7476313647226
391.4986566024296
386.5508815519348
386.17391871081895
380.2120116445756
374.9618480891745
384.2926552393489
389.5875488317509
379.52767751276974
371.5012133797647
362.866477771393
365.38980368697923
470.8624695645682
467.9910129755805
363.7112639558465
369.72871432680637
360.50896161385066
364.1846651400962
471.90361150240676
362.8442945042369
377.83890261495327
372.5349348430523
377.0112798245046
386.8437165157304
396.42137068564534
404.8744321256502
369.49025621395947
378.6856566299128
377.67924510588506
375.2111449242864
381.3647368048485
384.1437562207247
390.0402518712167
410.1901235120986
200.0
200.0
200.0
200.0
200.0
200.0
200.0
200.0
383.1197757745094
372.8296921440215
370.71174177815504
363.3920974900322
363.776885153985
370.9631339830902
378.3524503166734
387.04080601762985
389.195428667092
396.7732960541314
396.9274831744955
409.9719893523404
418.6615333194476
400.91481974680727
402.8309866264548
416.19363777264584
372.8416211881985
357.57984432765835
398.7910463366586
385.7294612979168
373.9984654858147
367.37187415426837
367.9946150859498
473.13798947760284
468.6630107785747
374.14971381867036
381.2840638513516
370.2658102588781
362.858645607511
366.6831256580247
368.0480565287631
373.8014745764336
387.9812827352419
391.75853784526
381.69516011281
371.90571826722123
370.3904884974236
373.813907066843
383.0712419374222
401.6388898515763
356.5966650724797
398.27283801939836
387.3397983677172
373.59828601719255
365.0571214197598
473.7378679588475
376.3550392334532
382.90781614780167
363.674034402938
465.38576046927767
472.53649358254637
363.29882452829963
375.6429570595113
382.44226153976376
382.57478888158033
392.6459356642987
387.5420418180989
381.1697506276734
388.622847344377
388.11352002195815
379.4577771899928
378.6551083439743
370.2948074662699
367.91538344499804
474.00481951363724
473.14651369339333
366.6680092694786
371.0638251863189
361.68994146621907
364.6621196717652
469.8051618942332
471.3940632656095
372.8771856485763
367.2584070585493
375.30754572902526
384.0780809983209
395.2715956683412
402.7222162488773
371.97131550452224
381.4467327665774
386.6574836298829
392.04845759040955
398.33507428908837
399.20433687194475
401.29190451534424
426.3613693978239
200.0
200.0
200.0
200.0
200.0
200.0
200.0
401.717033533862
385.4529777947144
371.3454822897021
376.9941891116989
365.08118327805676
360.1032435213128
362.34533880411885
365.85524163531426
375.685971975251
376.9299412389395
378.51341642815873
376.4177803608769
385.60615570195824
396.46308881503114
381.3346269032638
386.72566265978367
400.24772228996954
362.21358122445446
410.0926904768733
387.3223331944273
378.79409808196726
362.93196577376034
465.1799046041034
466.1279111980274
467.112402446305
433.6724336440784
469.8604723227404
362.7634598376276
436.9854981424936
440.97023958984926
465.79174009947627
366.2416744888938
377.02737897028743
380.3241200005009
375.98247849297394
370.3159930084032
375.51569175180504
376.9996353480826
366.7943740878654
367.1829237421919
383.83939728118406
399.66277817915795
395.601150084374
383.4225086424911
372.6722945984262
367.328846441051
360.4702413131136
375.71491892435887
381.95918755410935
367.57394379553557
467.9295636958288
471.72023495335344
369.2815470412044
375.2855322149574
377.93444142666897
385.4303029811223
401.7599075761139
390.0679597272758
383.09933735373113
391.1424948914982
392.0142365536825
384.766910871316
386.1469177533679
378.2624447839935
372.34692857433726
365.5716643956614
367.45200545303874
378.952386503521
379.87620133534676
366.94734014495
368.2911195559731
472.45592679361494
360.90562393933385
383.43737803977854
377.44778068193557
381.42831929358607
382.92379875263396
391.55030318445563
399.2989781283909
369.83939089419323
379.38412363300006
387.34712697515397
396.2650504271867
399.0662933499292
398.37287109473704
399.20701957742745
420.4854781802309
200.0
200.0
200.0
200.0
200.0
200.0
200.0
200.0
361.1506684082213
404.51008222087466
362.8023493504631
362.1507636255093
360.91835914044674
367.29968367130346
367.4852361883885
375.59747440481345
378.3547931365488
382.4343554247173
378.5876327057093
386.9994288832204
400.128740282476
387.72509725178924
398.54484385897257
409.5952562845536
376.37622204374304
373.5411191782207
356.5323540742823
392.4349578504338
373.96815354924985
469.06327358439285
468.1699514548079
473.3528200238495
470.3418944816173
364.5702699757242
377.90879892910135
470.6075244591382
436.2246524740118
469.656949359879
367.7769917911813
376.6696806997197
376.2869567938952
374.31569730860406
379.4174471253124
391.8916914498055
398.5304422090719
378.60783629698807
369.70861836782944
369.99131433426845
378.64303923313
387.6426742028222
383.4859666463342
381.6792201387586
380.37270825562035
369.0803666228163
379.0511635872871
392.01769333634076
384.96978059143527
373.8213758024614
374.1998871992399
382.4591846831581
385.38051174179685
386.60712404549054
399.0736562669176
358.08904589928795
391.67331785813235
384.1771265677914
398.66346978672163
399.61112873283497
393.77565696175714
393.4523534004086
383.04582763909343
377.86470238147075
370.9199096016598
371.2896988523918
382.2709055903633
383.4324784255948
370.858752971199
372.3622570453107
363.6183963430135
368.9003687147788
384.1484305745844
381.7263210918836
382.2374483043512
377.32848658967197
388.29939639231026
395.11299216245584
369.92171453730776
380.15187958279114
392.04003806538327
404.9596180986693
407.51505902511644
403.5423991238874
405.22029709674024
425.1313761477803
200.0
200.0
200.0
200.0
200.0
200.0
200.0
363.52588381501425
402.6600260680133
393.94673327201394
402.0954331316755
402.0414262222345
405.41486232126454
364.93901675106554
362.43332049055175
363.7605216571821
368.74306323599797
379.76365858612985
377.12128224342086
383.7534282977772
394.9965517089886
383.09898344757363
396.59542266574067
409.6437491904844
379.59480415788687
386.6698548013251
374.9740382217114
408.80723474537183
389.767060194539
370.1998956244164
470.41491269119336
473.2529358074927
471.5701806565106
369.3239891023691
391.8480857691294
378.1766885853085
363.80100677247015
365.0111693473763
370.84379807439836
380.40471302056716
381.6449107971907
381.7533627450353
382.1577013810519
391.84381900115744
388.5839120830702
376.4349235012111
368.20574150477137
473.5927165277896
364.2941484384253
381.0848777718266
384.5872203266666
389.90332756391024
394.698032741419
376.7474170952406
378.6781159972947
391.97304723893615
393.6754071884377
388.42574574392205
391.2059881544212
393.469681712347
391.36094757798594
385.1665885574764
398.863059784628
356.849029822818
389.7551728759368
383.39211823821483
397.742520113959
400.6973645754035
395.5251031870451
395.16535629141833
384.7282207229476
383.573155338777
380.81800639480485
378.686400435471
386.64646338634765
388.9189094338458
379.33385620975196
381.9125861621714
371.8314487360327
379.44104927750783
397.226612230255
394.54573641847526
393.1865776605881
385.98506997758324
394.12438221961906
398.3640645993346
372.1979356068991
379.6455039218249
394.08996033379344
408.7675622696538
410.8404617667329
406.33044679774514
409.34804968916336
478.5943594552182
200.0
200.0
200.0
200.0
200.0
200.0
200.0
200.0
394.78705551732486
385.3330347368441
395.9246817898389
393.2531785635822
392.8937190053829
402.08755599758314
403.07999154927603
406.60084964347266
359.2343948659744
370.299622375215
367.05917554190364
367.24934961394575
376.04892274295895
373.0737504247421
387.450846761246
397.64934808431144
370.44262426106945
372.34427534725285
367.1862436521138
407.0841753354095
398.4634210012662
376.7523986309048
474.069189603562
360.9662207412158
468.05877581183984
472.1785686101288
375.22286004285513
375.3520782498656
375.08758953368925
373.23520446320356
364.45734631993685
366.6544383958975
369.2065918317755
377.0709526495777
383.09061310747427
380.9291616315109
375.50881959173074
368.189402757507
360.5740242934453
466.8702387067977
469.7828133007722
366.66777969894
370.03204911141154
373.42702316468325
377.62945143930875
371.02855210049864
371.99599403406773
382.32132718741497
391.2682129715854
396.07823127503934
396.37723534607346
394.74061505043124
387.3516383327436
374.9638190126473
384.282530224766
402.9865447707271
393.5764194461491
390.57912658491597
392.48849760593976
393.5905378090949
393.1072702141749
394.56877477575426
386.03984595535906
388.7108280786106
389.8955989400962
389.6138124672886
394.8416617116184
398.4664432615484
392.89361600786106
393.69598265711795
382.53286838416375
394.30092459529476
367.75565986436754
365.46921282227845
356.1477014513323
401.85116918074516
406.8082858559487
402.95150070172497
373.8173827572391
376.11980056502654
392.2117798966853
408.0322803242559
405.20325558723863
400.8852190598865
406.2129902682846
419.19873256948324
200.0
200.0
200.0
200.0
200.0
200.0
200.0
402.08476010609894
390.58302976593785
382.3896026018705
390.94446444827145
387.31317639712734
386.73138447166764
392.87434644029605
398.99223067134915
358.06134895032085
364.13256254304326
370.39871119300057
365.14508575368967
367.2737124837914
378.6348790932293
382.1647288526762
398.9799087868169
411.424001044482
383.8465029395324
384.8919898398972
381.78722527462895
367.52690318104914
356.1199853247973
392.6888990141439
379.10165089718646
376.88994685482226
364.16714073144345
364.94695653916
375.13401533487627
374.6784228911643
379.7082524154225
376.02788027520353
472.1454558352747
467.5524214075269
361.10688459501716
382.6762793575678
396.6527947979598
392.535414376877
386.155514306198
382.4233918132588
375.3788191034435
367.0283554972876
362.5767295492839
362.39878998145605
364.0036802474603
367.88853462192446
377.54493850013694
381.51682246260634
381.4342709884663
392.30745867348367
359.115220319605
371.20847800184794
374.4672892538703
372.24037924904167
365.45057333998966
395.79123723354877
384.62853072511797
398.14594758263326
400.45113352075316
404.30464303961236
403.0434010655316
395.2563240256677
393.1869696817132
398.3792811926877
391.68232069753793
395.314281538568
401.1960131308448
400.80669684370747
405.664248191742
406.8683520595201
397.5541895177466
399.53312575744883
389.4987979712459
358.0163720486181
385.110335375028
376.48720529966175
364.70604994123767
358.21610766533763
359.3126474092108
355.0073031827968
366.99996087485033
362.63074490131
376.5690530852194
393.85571860170836
389.5770272574836
384.3704659187682
388.29430742936216
422.76302873809857
200.0
200.0
200.0
200.0
200.0
200.0
200.0
401.5742119820565
381.14149774217844
373.09616069621603
380.8923879020168
381.7930220911335
382.41020171437447
387.90947551251736
392.5869840374064
407.3175861013932
359.4650879818193
358.41106353766804
357.52714170327937
364.5549375330257
375.3119293527946
374.61488166032035
387.5260397370484
393.92580271590674
371.30532226143447
375.97532044865477
374.2619983851145
362.5079190282302
405.52115384107867
391.58545372341115
382.3336264150304
385.03506453787566
370.7427725886547
374.8223319857059
384.8172950307656
377.8907389313541
373.63371826738364
363.9772838891223
462.94078552085017
437.3797335648869
462.93040776099645
369.0043924330434
382.92522022729844
375.33910838205964
372.855459431609
377.4017834244226
374.8716808879467
369.6538155624209
362.77647484113186
361.8351955565038
360.360101971168
364.4581285946563
375.9476753841549
384.14564476908276
385.63862482102525
402.7341421629958
366.9965523355678
380.7274816512866
383.27519134662646
381.2527271998073
383.498967575533
373.4874845116811
361.11552359399377
356.84655229903495
403.05617449082473
404.21686680393816
408.38591134657565
400.4536266603065
396.9761721546988
398.0935912197061
391.26519317779724
395.2845107767157
405.1011870437553
358.88537043314125
366.1915748629149
366.38096168514966
407.37275662104963
356.32608231089864
401.7719749820037
380.40357533756
404.08130798151115
395.166755997445
384.9310650965549
381.1176223231933
377.03479272822653
365.1279241286664
362.55013697955627
398.5840293116374
355.22494345477884
368.887266784608
367.42666877046537
363.5362910132092
368.07640004350725
406.62763252083585
200.0
200.0
200.0
200.0
200.0
200.0
200.0
380.4814397163184
372.7269470058829
365.82247341389535
376.0312672841342
384.42803689671666
385.80508007252695
390.5854997355925
390.5033025920733
398.07037090696224
401.05862222311805
403.4529056862952
406.94844715793204
364.7430604727534
375.1727729172031
370.2684707406454
376.3549794389232
381.4505071262789
365.46443352914173
372.5973797555
372.5404893686639
362.19134362240294
409.0085903651463
396.2175500811903
389.0612176380568
397.1497272395312
384.373366504477
384.5319576672101
391.1197597794746
381.15749770483916
373.2308244016015
365.6288884583793
467.6489461312344
433.9548143384767
462.40680470763
362.29868849838994
366.99443793589785
474.1208260590454
364.0885511261948
375.8977332270378
380.38442045333596
379.5996601651269
376.2644423865701
381.3188024348554
383.53098379970095
384.5422677013239
393.965664822782
400.0870076327992
399.3581366720923
362.9275364231675
379.4278894983095
390.370792695703
393.3118328856593
387.7619302318252
390.5735200586684
393.4787701095251
389.96324496357505
376.7579017326417
363.70114027389496
407.45863429727433
359.66301305316574
358.5040646323613
406.715072075152
355.5495348428635
402.2584022161442
405.1146922427001
359.36048404984234
363.9380339559435
376.0566414037346
375.73261956063953
368.14063050901336
369.01406655042354
360.28326159673287
400.5402365215472
410.5825840169017
402.80918501820537
394.6895706266053
391.4023258447654
